version 1
nodes
0 "kHED" -1
end
skeleton
time 0
0 0.000000 0.000000 0.000000 0.000000 0.000000 0.000000
end
triangles
bush01.bmp
0 45.235695 23.629671 126.097343 -0.894427 0.000000 0.447214 0.988636 0.996094
0 -20.880539 -41.987213 126.115257 -0.894427 0.000000 0.447214 0.000000 0.996094
0 -32.442394 -30.386667 -5.965036 -0.894427 0.000000 0.447214 0.000000 0.003906
bush01.bmp
0 -32.442394 -30.386667 -5.965036 -0.894427 0.000000 0.447214 0.000000 0.003906
0 -20.880539 -41.987213 126.115257 -0.894427 0.000000 0.447214 0.000000 0.996094
0 45.235695 23.629671 126.097343 -0.894427 0.000000 0.447214 0.988636 0.996094
bush01.bmp
0 33.683804 35.230217 -5.982072 0.000000 0.000000 0.000000 0.988636 0.003906
0 -32.442394 -30.386667 -5.965036 -0.894427 0.000000 0.447214 0.000000 0.003906
0 45.235695 23.629671 126.097343 -0.894427 0.000000 0.447214 0.988636 0.996094
bush01.bmp
0 45.235695 23.629671 126.097343 -0.894427 0.000000 0.447214 0.988636 0.996094
0 -32.442394 -30.386667 -5.965036 -0.894427 0.000000 0.447214 0.000000 0.003906
0 33.683804 35.230217 -5.982072 0.000000 0.000000 0.000000 0.988636 0.003906
bush01.bmp
0 -11.682560 45.122353 126.357468 0.000000 -0.000488 -1.000000 0.000000 1.000000
0 -0.082963 45.121807 -6.226015 0.000000 -0.000488 -1.000000 0.000000 0.003906
0 -11.686950 -48.037647 126.357468 0.000000 -0.000488 -1.000000 0.994318 1.000000
bush01.bmp
0 -0.087352 -48.038193 -6.226015 0.000000 0.000488 -1.000000 0.994318 0.003906
0 -11.686950 -48.037647 126.357468 0.000000 -0.000488 -1.000000 0.994318 1.000000
0 -0.082963 45.121807 -6.226015 0.000000 -0.000488 -1.000000 0.000000 0.003906
bush01.bmp
0 -11.682560 45.122353 126.357468 0.000000 -0.000488 -1.000000 0.000000 1.000000
0 -11.686950 -48.037647 126.357468 0.000000 -0.000488 -1.000000 0.994318 1.000000
0 -0.082963 45.121807 -6.226015 0.000000 -0.000488 -1.000000 0.000000 0.003906
bush01.bmp
0 -0.087352 -48.038193 -6.226015 0.000000 0.000488 -1.000000 0.994318 0.003906
0 -0.082963 45.121807 -6.226015 0.000000 -0.000488 -1.000000 0.000000 0.003906
0 -11.686950 -48.037647 126.357468 0.000000 -0.000488 -1.000000 0.994318 1.000000
bush02.bmp
0 27.941710 -38.884651 -5.965890 0.000000 0.000000 0.000000 0.000000 0.003906
0 40.511715 -28.383419 126.111382 0.000000 0.000000 -1.000000 0.000000 0.996094
0 -19.098288 43.197334 126.092674 0.000000 0.000000 0.000000 0.988636 0.996094
bush02.bmp
0 -31.658293 32.706062 -5.985506 0.000000 0.000000 0.000000 0.988636 0.003906
0 27.941710 -38.884651 -5.965890 0.000000 0.000000 0.000000 0.000000 0.003906
0 -19.098288 43.197334 126.092674 0.000000 0.000000 0.000000 0.988636 0.996094
bush02.bmp
0 27.941710 -38.884651 -5.965890 0.000000 0.000000 0.000000 0.000000 0.003906
0 -31.658293 32.706062 -5.985506 0.000000 0.000000 0.000000 0.988636 0.003906
0 -19.098288 43.197334 126.092674 0.000000 0.000000 0.000000 0.988636 0.996094
bush02.bmp
0 40.511715 -28.383419 126.111382 0.000000 0.000000 -1.000000 0.000000 0.996094
0 27.941710 -38.884651 -5.965890 0.000000 0.000000 0.000000 0.000000 0.003906
0 -19.098288 43.197334 126.092674 0.000000 0.000000 0.000000 0.988636 0.996094
bush02.bmp
0 -46.958286 10.031855 121.626228 -1.000000 0.000000 0.000000 0.000000 1.000000
0 -46.958290 -1.567677 -10.957283 -1.000000 0.000000 0.000000 0.000000 0.003906
0 46.201714 10.031856 121.626228 -1.000000 0.000000 0.000000 0.994318 1.000000
bush02.bmp
0 46.201710 -1.567676 -10.957283 0.000000 0.000000 0.000000 0.994318 0.003906
0 46.201714 10.031856 121.626228 -1.000000 0.000000 0.000000 0.994318 1.000000
0 -46.958290 -1.567677 -10.957283 -1.000000 0.000000 0.000000 0.000000 0.003906
bush02.bmp
0 -46.958286 10.031855 121.626228 -1.000000 0.000000 0.000000 0.000000 1.000000
0 46.201714 10.031856 121.626228 -1.000000 0.000000 0.000000 0.994318 1.000000
0 -46.958290 -1.567677 -10.957283 -1.000000 0.000000 0.000000 0.000000 0.003906
bush02.bmp
0 46.201710 -1.567676 -10.957283 0.000000 0.000000 0.000000 0.994318 0.003906
0 -46.958290 -1.567677 -10.957283 -1.000000 0.000000 0.000000 0.000000 0.003906
0 46.201714 10.031856 121.626228 -1.000000 0.000000 0.000000 0.994318 1.000000
end
